#Layer_Color=16711935
#
#Feature symbol names
#
$0 r7.874
$1 r3.937
$2 r5
$3 r1.9685

#
#Feature attribute names
#

#
#Layer features
#
A 3.940748 3.8921653 3.940748 3.8921653 3.921063 3.8921653 1 P 0 N
A 4.2998819 4.5939764 4.2998819 4.5939764 4.2959449 4.5939764 0 P 0 N
L 1.4159843 3.2438189 1.4159843 3.3461811 1 P 0
L 1.4159843 3.2438189 1.6640158 3.2438189 1 P 0
L 1.4159843 3.3461811 1.6640158 3.3461811 1 P 0
L 1.6640158 3.2438189 1.6640158 3.3461811 1 P 0
L 1.6865748 3.4805118 1.6865748 4.1694882 2 P 0
L 1.6865748 3.4805118 1.8834252 3.4805118 2 P 0
L 1.6865748 4.1694882 1.8834252 4.1694882 2 P 0
L 1.8834252 3.4805118 1.8834252 4.1694882 2 P 0
L 3.151063 2.9801968 3.151063 4.9861024 2 P 0
L 3.151063 2.9801968 3.3656299 2.9801968 2 P 0
L 3.151063 4.9861024 3.5735039 4.9861024 2 P 0
L 3.3656299 2.9801968 3.3656299 3.2357087 2 P 0
L 3.3656299 2.9801968 4.0620866 2.9801968 2 P 0
L 3.3656299 3.2357087 3.3656299 3.7329527 2 P 0
L 3.3656299 3.2357087 4.0620866 3.2357087 2 P 0
L 3.3656299 3.7329527 4.0620866 3.7329527 2 P 0
L 3.5735039 4.8329527 3.5735039 4.9861024 2 P 0
L 3.5735039 4.8329527 3.8377165 4.8329527 2 P 0
L 3.5735039 4.9861024 3.8377165 4.9861024 2 P 0
L 3.8285433 3.7396063 3.8285433 3.9403937 3 P 0
L 3.8285433 3.7396063 4.0214567 3.7396063 3 P 0
L 3.8285433 3.9403937 4.0214567 3.9403937 3 P 0
L 3.8377165 4.8329527 3.8377165 4.9861024 2 P 0
L 3.8377165 4.9861024 4.2735039 4.9861024 2 P 0
L 3.8836614 3.7504331 3.8836614 3.9295669 1 P 0
L 3.8836614 3.7504331 3.9840551 3.7504331 1 P 0
L 3.8836614 3.9295669 3.9840551 3.9295669 1 P 0
L 3.9141733 3.84 3.9535433 3.84 1 P 0
L 3.9338583 3.8203149 3.9338583 3.859685 1 P 0
L 3.9640945 4.6191733 3.9640945 4.6408268 1 P 0
L 3.9640945 4.6191733 4.0054331 4.6191733 1 P 0
L 3.9640945 4.6408268 4.0054331 4.6408268 1 P 0
L 3.9743307 4.8541733 3.9743307 4.8758268 1 P 0
L 3.9743307 4.8541733 4.0156693 4.8541733 1 P 0
L 3.9743307 4.8758268 4.0156693 4.8758268 1 P 0
L 3.9840551 3.7504331 3.9840551 3.9295669 1 P 0
L 4.0054331 4.6191733 4.0054331 4.6408268 1 P 0
L 4.0156693 4.8541733 4.0156693 4.8758268 1 P 0
L 4.0170079 3.5272834 4.0170079 3.5627165 1 P 0
L 4.0170079 3.5272834 4.083937 3.5272834 1 P 0
L 4.0170079 3.5627165 4.083937 3.5627165 1 P 0
L 4.0214567 3.7396063 4.0214567 3.9403937 3 P 0
L 4.0620866 2.9801968 4.0620866 3.2357087 2 P 0
L 4.0620866 2.9801968 4.2735039 2.9801968 2 P 0
L 4.0620866 3.2357087 4.0620866 3.7329527 2 P 0
L 4.083937 3.5272834 4.083937 3.5627165 1 P 0
L 4.2735039 2.9801968 4.2735039 4.9861024 2 P 0
