#Layer_Color=32768
#
#Feature symbol names
#
$0 r7.874
$1 r3.937
$2 r1.9685

#
#Feature attribute names
#

#
#Layer features
#
A 3.855 3.5105512 3.855 3.3294488 3.855 3.42 0 P 0 N
L 1.2728346 4.2978346 1.2728346 4.967126 0 P 0
L 1.2728346 4.2978346 1.9027559 4.2978346 0 P 0
L 1.2728346 4.967126 1.9027559 4.967126 0 P 0
L 1.3188583 3.5665748 1.3188583 4.0587008 1 P 0
L 1.3188583 3.5665748 1.5511417 3.5665748 1 P 0
L 1.3188583 4.0587008 1.5511417 4.0587008 1 P 0
L 1.3923622 3.2320079 1.3923622 3.3579922 2 P 0
L 1.3923622 3.2320079 1.6876378 3.2320079 2 P 0
L 1.3923622 3.3579922 1.6876378 3.3579922 2 P 0
L 1.520315 3.295 1.5596851 3.295 1 P 0
L 1.54 3.275315 1.54 3.3146851 1 P 0
L 1.5511417 3.5665748 1.5511417 4.0587008 1 P 0
L 1.6767323 3.4706693 1.6767323 4.1793307 2 P 0
L 1.6767323 3.4706693 1.8932677 3.4706693 2 P 0
L 1.6767323 4.1793307 1.8932677 4.1793307 2 P 0
L 1.6876378 3.2320079 1.6876378 3.3579922 2 P 0
L 1.8932677 3.4706693 1.8932677 4.1793307 2 P 0
L 1.9027559 4.2978346 1.9027559 4.967126 0 P 0
L 3.1412205 2.9703543 3.1412205 4.9959449 2 P 0
L 3.1412205 2.9703543 4.2833464 2.9703543 2 P 0
L 3.1412205 4.9959449 4.2833464 4.9959449 2 P 0
L 3.4816142 4.2566142 3.4816142 4.5833858 1 P 0
L 3.4816142 4.2566142 3.7266929 4.2566142 1 P 0
L 3.4816142 4.5833858 3.7266929 4.5833858 1 P 0
L 3.7172048 3.7351575 3.7172048 3.7548425 1 P 0
L 3.7172048 3.7351575 3.7565748 3.7351575 1 P 0
L 3.7172048 3.7548425 3.7565748 3.7548425 1 P 0
L 3.7266929 4.2566142 3.8083858 4.3383071 1 P 0
L 3.7266929 4.5833858 3.8083858 4.5016929 1 P 0
L 3.7565748 3.7351575 3.7565748 3.7548425 1 P 0
L 3.8083858 4.3383071 3.8083858 4.5016929 1 P 0
L 3.855 3.3294488 3.855 3.5105512 0 P 0
L 3.855 3.3294488 3.855 3.5105512 0 P 0
L 3.855 3.3294488 3.855 3.5105512 0 P 0
L 3.855 3.3294488 3.9022441 3.3176378 0 P 0
L 3.855 3.5105512 3.9022441 3.5223622 0 P 0
L 3.9022441 3.3176378 3.9022441 3.5223622 0 P 0
L 3.9022441 3.3176378 3.9022441 3.5223622 0 P 0
L 3.9552362 4.614252 3.9552362 4.6457481 2 P 0
L 3.9552362 4.614252 4.0142913 4.614252 2 P 0
L 3.9552362 4.6457481 4.0142913 4.6457481 2 P 0
L 3.9654724 4.849252 3.9654724 4.8807481 2 P 0
L 3.9654724 4.849252 4.0245275 4.849252 2 P 0
L 3.9654724 4.8807481 4.0245275 4.8807481 2 P 0
L 3.973937 4.63 3.9955906 4.63 1 P 0
L 3.9841732 4.865 4.0058268 4.865 1 P 0
L 3.9847638 4.6191733 3.9847638 4.6408268 1 P 0
L 3.9855118 3.5056299 3.9855118 3.58437 2 P 0
L 3.9855118 3.5056299 4.1154331 3.5056299 2 P 0
L 3.9855118 3.58437 4.1154331 3.58437 2 P 0
L 3.995 4.8541733 3.995 4.8758268 1 P 0
L 4.0142913 4.614252 4.0142913 4.6457481 2 P 0
L 4.0245275 4.849252 4.0245275 4.8807481 2 P 0
L 4.0327559 3.545 4.068189 3.545 1 P 0
L 4.0504725 3.5272834 4.0504725 3.5627165 1 P 0
L 4.1154331 3.5056299 4.1154331 3.58437 2 P 0
L 4.2833464 2.9703543 4.2833464 4.9959449 2 P 0
L 4.3299213 3.0124016 4.3299213 3.3875984 0 P 0
L 4.3299213 3.0124016 4.5200787 3.0124016 0 P 0
L 4.3299213 3.3875984 4.5200787 3.3875984 0 P 0
L 4.5200787 3.0124016 4.5200787 3.3875984 0 P 0
L 4.5608661 3.0351181 4.5608661 3.1748819 1 P 0
L 4.5608661 3.0351181 4.9191339 3.0351181 1 P 0
L 4.5608661 3.1748819 4.9191339 3.1748819 1 P 0
L 4.9191339 3.0351181 4.9191339 3.1748819 1 P 0
